0.2	0.001	20	1338.90750331
0.2	0.001	24	1099.07791647
0.2	0.001	28	1084.52149501
0.2	0.001	32	1113.89067916
0.2	0.001	36	1135.00591467
0.2	0.001	40	1225.79992836
0.2	0.001	44	1216.71868079
0.2	0.001	48	1178.80543206
0.2	0.001	52	1070.9158455
0.2	0.001	56	1177.66021986
0.2	0.001	60	1357.47597717
0.2	0.001	64	1109.38594392
0.2	0.001	68	1023.13310624
0.2	0.001	72	1207.91709502
0.2	0.001	76	1082.17233876
0.2	0.001	80	1046.81180302
0.2	0.001	84	1055.56628145
0.2	0.001	88	1115.83130057
0.2	0.001	92	1005.62086141
0.2	0.001	96	1084.57142444
0.2	0.001	100	1129.77842083
0.2	0.003	20	1109.4212849
0.2	0.003	24	1189.47726377
0.2	0.003	28	1116.84596065
0.2	0.003	32	1088.80237094
0.2	0.003	36	1171.73284624
0.2	0.003	40	1165.71639662
0.2	0.003	44	1237.43273522
0.2	0.003	48	1048.94908233
0.2	0.003	52	1122.75789067
0.2	0.003	56	1203.33514775
0.2	0.003	60	1249.58383447
0.2	0.003	64	1134.55501976
0.2	0.003	68	1194.3782551
0.2	0.003	72	1091.64616595
0.2	0.003	76	1126.50056851
0.2	0.003	80	1067.28908394
0.2	0.003	84	1163.67545855
0.2	0.003	88	1102.68381376
0.2	0.003	92	1084.39091422
0.2	0.003	96	1086.4754219
0.2	0.003	100	1051.55907004
0.2	0.005	20	1067.03142851
0.2	0.005	24	1075.04324084
0.2	0.005	28	1107.12506426
0.2	0.005	32	1091.6473537
0.2	0.005	36	1086.57626011
0.2	0.005	40	1061.34572232
0.2	0.005	44	995.360630459
0.2	0.005	48	1122.53134198
0.2	0.005	52	1084.78355979
0.2	0.005	56	1095.31051091
0.2	0.005	60	1126.8642605
0.2	0.005	64	1114.45190699
0.2	0.005	68	1026.67014207
0.2	0.005	72	1053.62362016
0.2	0.005	76	1105.27399057
0.2	0.005	80	1113.07668246
0.2	0.005	84	1084.75999846
0.2	0.005	88	1028.50420774
0.2	0.005	92	1022.15151505
0.2	0.005	96	1036.70396118
0.2	0.005	100	1095.85618856
0.2	0.007	20	1033.79395387
0.2	0.007	24	1055.07257161
0.2	0.007	28	1064.38549742
0.2	0.007	32	1027.62060496
0.2	0.007	36	1168.89835484
0.2	0.007	40	1159.40541734
0.2	0.007	44	1056.62609421
0.2	0.007	48	1075.66781155
0.2	0.007	52	1072.35839311
0.2	0.007	56	1097.39309032
0.2	0.007	60	1061.73610719
0.2	0.007	64	1127.97084977
0.2	0.007	68	1046.71122247
0.2	0.007	72	1060.17250663
0.2	0.007	76	1090.29217158
0.2	0.007	80	1147.27712185
0.2	0.007	84	1034.96219495
0.2	0.007	88	1109.6432985
0.2	0.007	92	1151.94864367
0.2	0.007	96	1116.58423278
0.2	0.007	100	1176.63552956
0.2	0.009	20	1120.74576006
0.2	0.009	24	1125.51887884
0.2	0.009	28	1171.58928445
0.2	0.009	32	1150.49298055
0.2	0.009	36	1139.78509509
0.2	0.009	40	1275.11207148
0.2	0.009	44	1096.88207877
0.2	0.009	48	1127.87831637
0.2	0.009	52	1085.96630249
0.2	0.009	56	1076.77517877
0.2	0.009	60	1078.54934139
0.2	0.009	64	1145.58138807
0.2	0.009	68	1195.04136346
0.2	0.009	72	1247.35551125
0.2	0.009	76	1101.617934
0.2	0.009	80	1092.58209734
0.2	0.009	84	1059.08642048
0.2	0.009	88	1095.28326157
0.2	0.009	92	1097.91205951
0.2	0.009	96	1041.54089077
0.2	0.009	100	1179.80620574
0.2	0.011	20	1040.13788806
0.2	0.011	24	1005.47939108
0.2	0.011	28	1094.22032757
0.2	0.011	32	1135.36691287
0.2	0.011	36	1135.71963786
0.2	0.011	40	951.007032211
0.2	0.011	44	1042.42754296
0.2	0.011	48	1070.50904905
0.2	0.011	52	1051.65311957
0.2	0.011	56	996.937473417
0.2	0.011	60	1054.90998871
0.2	0.011	64	1025.54769844
0.2	0.011	68	973.265929216
0.2	0.011	72	1044.03732236
0.2	0.011	76	982.600495304
0.2	0.011	80	972.500547993
0.2	0.011	84	987.406810637
0.2	0.011	88	1007.12398597
0.2	0.011	92	1002.86197731
0.2	0.011	96	1001.8970489
0.2	0.011	100	1015.89432266
0.2	0.013	20	992.387053392
0.2	0.013	24	1006.11991397
0.2	0.013	28	948.782736928
0.2	0.013	32	970.194190623
0.2	0.013	36	980.976985806
0.2	0.013	40	1043.24225125
0.2	0.013	44	993.922846119
0.2	0.013	48	992.761617094
0.2	0.013	52	971.14085826
0.2	0.013	56	961.845105762
0.2	0.013	60	1027.67131772
0.2	0.013	64	1086.49003933
0.2	0.013	68	1115.60447051
0.2	0.013	72	1043.8063641
0.2	0.013	76	1152.64321593
0.2	0.013	80	1115.58288495
0.2	0.013	84	939.366574509
0.2	0.013	88	1012.22031246
0.2	0.013	92	1078.54953413
0.2	0.013	96	1057.18115383
0.2	0.013	100	1035.50854783
0.2	0.015	20	1083.79383575
0.2	0.015	24	1059.00262649
0.2	0.015	28	1058.72698306
0.2	0.015	32	1079.46073047
0.2	0.015	36	1052.87256638
0.2	0.015	40	1058.32220111
0.2	0.015	44	1129.22184597
0.2	0.015	48	1041.57615177
0.2	0.015	52	1047.58713154
0.2	0.015	56	1014.09429208
0.2	0.015	60	1069.76825959
0.2	0.015	64	1070.18614247
0.2	0.015	68	987.988227486
0.2	0.015	72	1069.60251967
0.2	0.015	76	1036.29608527
0.2	0.015	80	1023.22749415
0.2	0.015	84	1007.37977636
0.2	0.015	88	1100.80770785
0.2	0.015	92	1082.85448069
0.2	0.015	96	1063.64774457
0.2	0.015	100	1057.88458427
0.2	0.017	20	1031.25074318
0.2	0.017	24	1047.30419817
0.2	0.017	28	1072.44348881
0.2	0.017	32	1111.28086442
0.2	0.017	36	1095.8417851
0.2	0.017	40	1034.64627427
0.2	0.017	44	982.756126438
0.2	0.017	48	977.87376306
0.2	0.017	52	934.706192353
0.2	0.017	56	1012.00797795
0.2	0.017	60	1006.51753831
0.2	0.017	64	935.057534891
0.2	0.017	68	999.72477879
0.2	0.017	72	957.387989228
0.2	0.017	76	1015.83664895
0.2	0.017	80	1018.48735011
0.2	0.017	84	1068.2275073
0.2	0.017	88	1080.61375486
0.2	0.017	92	1001.1287349
0.2	0.017	96	1079.60952994
0.2	0.017	100	1019.47200624
0.2	0.019	20	951.748412593
0.2	0.019	24	976.59119707
0.2	0.019	28	1039.83961372
0.2	0.019	32	994.357374555
0.2	0.019	36	1100.10473929
0.2	0.019	40	932.732558914
0.2	0.019	44	1017.15814659
0.2	0.019	48	1070.17760983
0.2	0.019	52	1013.69855576
0.2	0.019	56	937.044339579
0.2	0.019	60	1036.13082885
0.2	0.019	64	1032.67191348
0.2	0.019	68	929.738756459
0.2	0.019	72	958.693520276
0.2	0.019	76	991.989339915
0.2	0.019	80	1019.3541207
0.2	0.019	84	1018.133334
0.2	0.019	88	1176.73190691
0.2	0.019	92	1051.34291846
0.2	0.019	96	1105.90289498
0.2	0.019	100	1039.88851404
0.2	0.021	20	1030.05583429
0.2	0.021	24	1015.61839713
0.2	0.021	28	1101.75113714
0.2	0.021	32	1010.90705451
0.2	0.021	36	1064.47096089
0.2	0.021	40	1050.26892456
0.2	0.021	44	968.318201333
0.2	0.021	48	1001.46285628
0.2	0.021	52	1038.67391312
0.2	0.021	56	1126.92171693
0.2	0.021	60	1050.84419934
0.2	0.021	64	1004.41539985
0.2	0.021	68	1041.75675687
0.2	0.021	72	991.692800979
0.2	0.021	76	1134.55394483
0.2	0.021	80	1233.62293696
0.2	0.021	84	1188.30179811
0.2	0.021	88	999.578857346
0.2	0.021	92	1209.09548702
0.2	0.021	96	1138.0763508
0.2	0.021	100	1128.79403878
0.2	0.023	20	1043.88706863
0.2	0.023	24	1005.94481058
0.2	0.023	28	1018.54817272
0.2	0.023	32	952.504790298
0.2	0.023	36	944.146505266
0.2	0.023	40	1049.70506159
0.2	0.023	44	999.198960387
0.2	0.023	48	926.756444985
0.2	0.023	52	1062.6077008
0.2	0.023	56	1051.94250622
0.2	0.023	60	1106.1927971
0.2	0.023	64	1029.64980818
0.2	0.023	68	1004.42818424
0.2	0.023	72	1011.78421638
0.2	0.023	76	1000.87767185
0.2	0.023	80	1037.15174416
0.2	0.023	84	989.13051212
0.2	0.023	88	1057.48826374
0.2	0.023	92	1010.60458593
0.2	0.023	96	988.389372995
0.2	0.023	100	964.97501101
0.2	0.025	20	967.386070175
0.2	0.025	24	1019.67919216
0.2	0.025	28	1017.64668144
0.2	0.025	32	968.459397708
0.2	0.025	36	1049.03261632
0.2	0.025	40	1019.25870358
0.2	0.025	44	1058.38842889
0.2	0.025	48	1030.16674305
0.2	0.025	52	949.243327951
0.2	0.025	56	1024.10911413
0.2	0.025	60	1006.4800614
0.2	0.025	64	959.387774031
0.2	0.025	68	1033.80368791
0.2	0.025	72	993.231085027
0.2	0.025	76	959.701146119
0.2	0.025	80	1049.21982079
0.2	0.025	84	1094.45821523
0.2	0.025	88	1025.42419027
0.2	0.025	92	998.902316438
0.2	0.025	96	997.60667841
0.2	0.025	100	1008.82312658
0.2	0.027	20	1075.77157669
0.2	0.027	24	1074.22171134
0.2	0.027	28	1033.43169441
0.2	0.027	32	1037.57457809
0.2	0.027	36	1011.2709445
0.2	0.027	40	1100.39476885
0.2	0.027	44	1033.75184149
0.2	0.027	48	1091.19657799
0.2	0.027	52	1086.31958949
0.2	0.027	56	1061.72650947
0.2	0.027	60	1113.48746694
0.2	0.027	64	1045.1065864
0.2	0.027	68	1120.91242278
0.2	0.027	72	979.575924898
0.2	0.027	76	994.754332667
0.2	0.027	80	1031.02094902
0.2	0.027	84	1065.46605513
0.2	0.027	88	1087.78342452
0.2	0.027	92	1145.66354253
0.2	0.027	96	1095.52882287
0.2	0.027	100	1018.67510349
0.2	0.029	20	1036.91703828
0.2	0.029	24	969.628668352
0.2	0.029	28	998.993802906
0.2	0.029	32	962.734880166
0.2	0.029	36	1057.18166866
0.2	0.029	40	1055.97957322
0.2	0.029	44	1001.60965973
0.2	0.029	48	1124.01977532
0.2	0.029	52	922.586580986
0.2	0.029	56	1104.78404853
0.2	0.029	60	1089.30385614
0.2	0.029	64	1019.92623902
0.2	0.029	68	1031.9707489
0.2	0.029	72	1010.41010426
0.2	0.029	76	1010.53557468
0.2	0.029	80	981.834353213
0.2	0.029	84	998.664224083
0.2	0.029	88	984.635314628
0.2	0.029	92	1020.58403478
0.2	0.029	96	1139.30888652
0.2	0.029	100	979.235974946
0.2	0.031	20	1029.41578424
0.2	0.031	24	978.334037516
0.2	0.031	28	974.725239788
0.2	0.031	32	1016.29784661
0.2	0.031	36	1021.73662983
0.2	0.031	40	1016.93124615
0.2	0.031	44	1196.98922321
0.2	0.031	48	1093.56978915
0.2	0.031	52	980.632434987
0.2	0.031	56	1001.43218308
0.2	0.031	60	945.613759464
0.2	0.031	64	1020.1577135
0.2	0.031	68	1074.66468677
0.2	0.031	72	955.386595541
0.2	0.031	76	1104.972318
0.2	0.031	80	1115.45611355
0.2	0.031	84	1025.44866076
0.2	0.031	88	1220.03498298
0.2	0.031	92	1029.3212342
0.2	0.031	96	1095.09592068
0.2	0.031	100	1013.49468823
0.2	0.033	20	1104.44494953
0.2	0.033	24	1121.33163151
0.2	0.033	28	1068.24115402
0.2	0.033	32	998.172766427
0.2	0.033	36	1085.50839465
0.2	0.033	40	1036.54477249
0.2	0.033	44	1056.90186444
0.2	0.033	48	1088.4954922
0.2	0.033	52	1073.45093074
0.2	0.033	56	1162.15161512
0.2	0.033	60	1067.5802031
0.2	0.033	64	1044.08297209
0.2	0.033	68	1038.8695927
0.2	0.033	72	966.679661607
0.2	0.033	76	1027.18821511
0.2	0.033	80	1143.35916851
0.2	0.033	84	1087.35443775
0.2	0.033	88	1047.40484128
0.2	0.033	92	975.435509308
0.2	0.033	96	999.253887266
0.2	0.033	100	1034.35211932
0.2	0.035	20	1145.28640272
0.2	0.035	24	1024.25722144
0.2	0.035	28	1056.34114077
0.2	0.035	32	1021.60042818
0.2	0.035	36	985.52273308
0.2	0.035	40	1063.69434785
0.2	0.035	44	1039.72539487
0.2	0.035	48	1072.88780824
0.2	0.035	52	1085.04482661
0.2	0.035	56	969.976670817
0.2	0.035	60	1005.3335002
0.2	0.035	64	1008.98815008
0.2	0.035	68	1045.58051038
0.2	0.035	72	1064.17679609
0.2	0.035	76	1045.63757318
0.2	0.035	80	1063.4604777
0.2	0.035	84	1038.7443465
0.2	0.035	88	961.86013396
0.2	0.035	92	1031.27800902
0.2	0.035	96	1033.75970225
0.2	0.035	100	1045.57885655
0.2	0.037	20	998.767477972
0.2	0.037	24	1089.85308755
0.2	0.037	28	1029.5923226
0.2	0.037	32	1095.98482846
0.2	0.037	36	1060.70048585
0.2	0.037	40	1049.51369305
0.2	0.037	44	1005.78146074
0.2	0.037	48	982.339963583
0.2	0.037	52	1004.8172193
0.2	0.037	56	1074.62413721
0.2	0.037	60	1020.58440058
0.2	0.037	64	1033.47996868
0.2	0.037	68	998.391567658
0.2	0.037	72	941.61331788
0.2	0.037	76	925.480113338
0.2	0.037	80	1063.04697686
0.2	0.037	84	1038.56587235
0.2	0.037	88	1021.68464461
0.2	0.037	92	941.523505772
0.2	0.037	96	1101.15166817
0.2	0.037	100	985.881131721
0.2	0.039	20	964.723751164
0.2	0.039	24	950.360412552
0.2	0.039	28	919.954900867
0.2	0.039	32	977.675675714
0.2	0.039	36	1029.03680644
0.2	0.039	40	1090.27970092
0.2	0.039	44	1092.20574143
0.2	0.039	48	1171.89229725
0.2	0.039	52	1121.46033004
0.2	0.039	56	1083.94505003
0.2	0.039	60	1056.27415812
0.2	0.039	64	1087.03201215
0.2	0.039	68	1136.79474774
0.2	0.039	72	1069.74022663
0.2	0.039	76	1086.83172947
0.2	0.039	80	1156.8455269
0.2	0.039	84	1053.2573152
0.2	0.039	88	1105.59486173
0.2	0.039	92	1100.48339493
0.2	0.039	96	1069.48642811
0.2	0.039	100	962.07881137
0.2	0.041	20	1067.75755953
0.2	0.041	24	1124.99749695
0.2	0.041	28	1026.26022346
0.2	0.041	32	1005.8571603
0.2	0.041	36	1100.69762811
0.2	0.041	40	994.514633337
0.2	0.041	44	1044.98581712
0.2	0.041	48	1051.59457395
0.2	0.041	52	1072.04644282
0.2	0.041	56	1003.84986793
0.2	0.041	60	995.583480965
0.2	0.041	64	1010.35435383
0.2	0.041	68	1020.86137591
0.2	0.041	72	1086.07605046
0.2	0.041	76	968.044060606
0.2	0.041	80	1069.80225689
0.2	0.041	84	1109.02996021
0.2	0.041	88	1058.9218938
0.2	0.041	92	987.273477595
0.2	0.041	96	994.383286047
0.2	0.041	100	1024.39084989
0.24	0.001	20	1021.68498523
0.24	0.001	24	1055.37284675
0.24	0.001	28	964.958049298
0.24	0.001	32	1028.60228946
0.24	0.001	36	998.48608826
0.24	0.001	40	1022.03536454
0.24	0.001	44	1060.83634217
0.24	0.001	48	994.568384062
0.24	0.001	52	1161.7994071
0.24	0.001	56	1081.73163858
0.24	0.001	60	1038.43738118
0.24	0.001	64	1015.12653912
0.24	0.001	68	993.461833257
0.24	0.001	72	968.531691696
0.24	0.001	76	1002.36161362
0.24	0.001	80	961.858525281
0.24	0.001	84	1118.82453015
0.24	0.001	88	1111.67844527
0.24	0.001	92	1346.64616772
0.24	0.001	96	1443.10164923
0.24	0.001	100	1202.35334642
0.24	0.003	20	1182.62841182
0.24	0.003	24	1147.7401206
0.24	0.003	28	1203.53541425
0.24	0.003	32	1191.73740757
0.24	0.003	36	1185.71485099
0.24	0.003	40	1128.66043417
0.24	0.003	44	1107.56225098
0.24	0.003	48	1220.35832732
0.24	0.003	52	1143.73102999
0.24	0.003	56	1050.98207561
0.24	0.003	60	1127.72269073
0.24	0.003	64	1065.73449619
0.24	0.003	68	1063.51947413
0.24	0.003	72	1190.8518203
0.24	0.003	76	1077.60401399
0.24	0.003	80	1066.7401736
0.24	0.003	84	1242.7072551
0.24	0.003	88	1341.78306746
0.24	0.003	92	1222.01539502
0.24	0.003	96	1153.81831666
0.24	0.003	100	1033.84343145
0.24	0.005	20	1172.4500876
0.24	0.005	24	1170.61983915
0.24	0.005	28	1115.78876423
0.24	0.005	32	1096.00129774
0.24	0.005	36	1036.77479682
0.24	0.005	40	1134.46082172
0.24	0.005	44	1240.58822944
0.24	0.005	48	1157.69012066
0.24	0.005	52	1170.6348536
0.24	0.005	56	1040.99450173
0.24	0.005	60	1118.48399524
0.24	0.005	64	1118.4096961
0.24	0.005	68	1081.80390749
0.24	0.005	72	1096.21207893
0.24	0.005	76	1097.81553831
0.24	0.005	80	1129.84150247
0.24	0.005	84	1097.25160703
0.24	0.005	88	1097.12699101
0.24	0.005	92	1157.47889539
0.24	0.005	96	1068.65906878
0.24	0.005	100	983.359984737
0.24	0.007	20	1012.04789522
0.24	0.007	24	1016.17827656
0.24	0.007	28	1118.03874437
0.24	0.007	32	1105.17144029
0.24	0.007	36	1031.65578664
0.24	0.007	40	1004.59328271
0.24	0.007	44	1104.59187674
0.24	0.007	48	1080.7572277
0.24	0.007	52	1185.7931552
0.24	0.007	56	1095.42913095
0.24	0.007	60	988.075232385
0.24	0.007	64	977.863082828
0.24	0.007	68	1023.51682355
0.24	0.007	72	1090.37772661
0.24	0.007	76	1058.08664527
0.24	0.007	80	1002.23692979
0.24	0.007	84	1051.4620765
0.24	0.007	88	1021.4317606
0.24	0.007	92	1091.50066836
0.24	0.007	96	964.864731574
0.24	0.007	100	1015.36678266
0.24	0.009	20	1015.3829287
0.24	0.009	24	988.137639539
0.24	0.009	28	1093.39183663
0.24	0.009	32	1073.79299538
0.24	0.009	36	1094.04528914
0.24	0.009	40	1084.87466048
0.24	0.009	44	1066.16025254
0.24	0.009	48	1017.38573041
0.24	0.009	52	1078.88609096
0.24	0.009	56	1091.95653167
0.24	0.009	60	1006.98588048
0.24	0.009	64	1024.82178034
0.24	0.009	68	1014.90281485
0.24	0.009	72	1166.12659323
0.24	0.009	76	1118.90978659
0.24	0.009	80	1016.70476631
0.24	0.009	84	1025.3379817
0.24	0.009	88	1187.31843863
0.24	0.009	92	1039.38587149
0.24	0.009	96	1031.24518204
0.24	0.009	100	1131.59241218
0.24	0.011	20	1012.75298155
0.24	0.011	24	1207.1823587
0.24	0.011	28	1134.63603339
0.24	0.011	32	1212.26015385
0.24	0.011	36	1066.66415341
0.24	0.011	40	1114.67788784
0.24	0.011	44	1107.60134214
0.24	0.011	48	1066.15170557
0.24	0.011	52	1031.94414275
0.24	0.011	56	956.861087045
0.24	0.011	60	987.090270697
0.24	0.011	64	1042.90075118
0.24	0.011	68	1002.66726031
0.24	0.011	72	1130.16865187
0.24	0.011	76	1079.09627573
0.24	0.011	80	1029.5788836
0.24	0.011	84	1332.79676158
0.24	0.011	88	1084.56789354
0.24	0.011	92	1006.05196293
0.24	0.011	96	1068.01372321
0.24	0.011	100	1106.99852235
0.24	0.013	20	1129.24996345
0.24	0.013	24	1191.36798982
0.24	0.013	28	1288.96672527
0.24	0.013	32	1120.59345873
0.24	0.013	36	1081.6135063
0.24	0.013	40	1068.30196166
0.24	0.013	44	1070.31928979
0.24	0.013	48	1085.70983762
0.24	0.013	52	1099.43325794
0.24	0.013	56	1104.07388372
0.24	0.013	60	1115.81922714
0.24	0.013	64	1407.8544179
0.24	0.013	68	1201.33497638
0.24	0.013	72	1114.64168585
0.24	0.013	76	1147.06703576
0.24	0.013	80	1163.26525736
0.24	0.013	84	1140.17656061
0.24	0.013	88	1077.7737693
0.24	0.013	92	984.844993294
0.24	0.013	96	1096.69509156
0.24	0.013	100	1119.89057396
0.24	0.015	20	1048.51203841
0.24	0.015	24	1094.1890447
0.24	0.015	28	1151.09918742
0.24	0.015	32	1112.90714913
0.24	0.015	36	1085.46370976
0.24	0.015	40	1172.70705185
0.24	0.015	44	1046.5631671
0.24	0.015	48	1091.61382915
0.24	0.015	52	1117.72426875
0.24	0.015	56	1151.2302094
0.24	0.015	60	1070.24927635
0.24	0.015	64	1111.04595358
0.24	0.015	68	1040.37598855
0.24	0.015	72	1122.07504191
0.24	0.015	76	1064.40571964
0.24	0.015	80	1060.90328552
0.24	0.015	84	1118.34409356
0.24	0.015	88	1072.11310441
0.24	0.015	92	1176.5694113
0.24	0.015	96	1177.67633001
0.24	0.015	100	1150.53666485
0.24	0.017	20	1185.41893852
0.24	0.017	24	1069.25247367
0.24	0.017	28	1179.503814
0.24	0.017	32	1120.37869613
0.24	0.017	36	1089.57629287
0.24	0.017	40	1144.96445309
0.24	0.017	44	1096.08967473
0.24	0.017	48	1090.05873961
0.24	0.017	52	1099.26213493
0.24	0.017	56	1049.99837101
0.24	0.017	60	1080.20669948
0.24	0.017	64	1159.96028485
0.24	0.017	68	1154.07011268
0.24	0.017	72	1134.90633125
0.24	0.017	76	1139.73092798
0.24	0.017	80	1128.40669747
0.24	0.017	84	1032.30765344
0.24	0.017	88	1108.31011734
0.24	0.017	92	1098.17652649
0.24	0.017	96	1098.88213778
0.24	0.017	100	1103.30954008
0.24	0.019	20	1103.76394242
0.24	0.019	24	1162.65299872
0.24	0.019	28	1117.83718144
0.24	0.019	32	1052.80063975
0.24	0.019	36	1097.19408292
0.24	0.019	40	1222.47287674
0.24	0.019	44	1121.63972103
0.24	0.019	48	1141.84042662
0.24	0.019	52	1110.46336675
0.24	0.019	56	1096.61553695
0.24	0.019	60	1043.85031699
0.24	0.019	64	1113.36049243
0.24	0.019	68	1189.33562237
0.24	0.019	72	1140.10352064
0.24	0.019	76	1129.91553335
0.24	0.019	80	1110.08537197
0.24	0.019	84	1123.99317558
0.24	0.019	88	1060.1667065
0.24	0.019	92	1157.61202637
0.24	0.019	96	1145.7786199
0.24	0.019	100	1122.50064142
0.24	0.021	20	1112.46562528
0.24	0.021	24	1114.86773356
0.24	0.021	28	1175.93383189
0.24	0.021	32	1230.74180081
0.24	0.021	36	1187.91374526
0.24	0.021	40	1060.08517227
0.24	0.021	44	1095.7994668
0.24	0.021	48	1176.26045106
0.24	0.021	52	1262.00347703
0.24	0.021	56	1057.24558388
0.24	0.021	60	1136.66962691
0.24	0.021	64	1156.58519282
0.24	0.021	68	1201.96623364
0.24	0.021	72	1222.73659824
0.24	0.021	76	1127.44261379
0.24	0.021	80	1139.41583866
0.24	0.021	84	1144.28226969
0.24	0.021	88	1102.6961974
0.24	0.021	92	1120.49145463
0.24	0.021	96	1108.70766519
0.24	0.021	100	1096.72940268
0.24	0.023	20	1036.78122865
0.24	0.023	24	1127.77841144
0.24	0.023	28	1070.52767854
0.24	0.023	32	1063.29761714
0.24	0.023	36	1060.25008914
0.24	0.023	40	1097.17192964
0.24	0.023	44	1141.24951808
0.24	0.023	48	1228.51077623
0.24	0.023	52	1066.35612957
0.24	0.023	56	1174.67529907
0.24	0.023	60	1175.88847517
0.24	0.023	64	1071.43034028
0.24	0.023	68	1092.52878768
0.24	0.023	72	1164.70773331
0.24	0.023	76	1102.84825098
0.24	0.023	80	1076.83535259
0.24	0.023	84	1025.93114777
0.24	0.023	88	1068.55338193
0.24	0.023	92	1075.86392791
0.24	0.023	96	1046.49808611
0.24	0.023	100	1076.47163136
0.24	0.025	20	1149.29563614
0.24	0.025	24	1073.67823998
0.24	0.025	28	1123.53476086
0.24	0.025	32	1179.51490865
0.24	0.025	36	1313.06913997
0.24	0.025	40	1289.36898425
0.24	0.025	44	1113.89326686
0.24	0.025	48	1209.45417432
0.24	0.025	52	1089.75904991
0.24	0.025	56	1107.27594257
0.24	0.025	60	1124.84003667
0.24	0.025	64	1089.15153871
0.24	0.025	68	1087.08292513
0.24	0.025	72	1132.54897393
0.24	0.025	76	1128.83617707
0.24	0.025	80	1307.05024955
0.24	0.025	84	1089.96538443
0.24	0.025	88	1236.07596805
0.24	0.025	92	1161.86558183
0.24	0.025	96	1121.17739896
0.24	0.025	100	1006.13757444
0.24	0.027	20	1061.3391865
0.24	0.027	24	1229.9029952
0.24	0.027	28	1075.82032498
0.24	0.027	32	987.795894629
0.24	0.027	36	1167.19080671
0.24	0.027	40	1130.31256975
0.24	0.027	44	1007.2478776
0.24	0.027	48	1144.68128859
0.24	0.027	52	1049.02587859
0.24	0.027	56	1116.41918335
0.24	0.027	60	1143.61721047
0.24	0.027	64	1052.66324419
0.24	0.027	68	1070.843204
0.24	0.027	72	1050.41077464
0.24	0.027	76	1056.49539102
0.24	0.027	80	1043.9648955
0.24	0.027	84	1072.82253529
0.24	0.027	88	1103.8278591
0.24	0.027	92	996.093410313
0.24	0.027	96	1035.21447438
0.24	0.027	100	1115.26813036
0.24	0.029	20	1020.02712669
0.24	0.029	24	1043.05733932
0.24	0.029	28	1043.51771535
0.24	0.029	32	1202.55223872
0.24	0.029	36	1054.97384367
0.24	0.029	40	1079.84896299
0.24	0.029	44	1146.8243756
0.24	0.029	48	1230.73182216
0.24	0.029	52	1019.03045363
0.24	0.029	56	1036.95279351
0.24	0.029	60	1097.40633675
0.24	0.029	64	1053.29014285
0.24	0.029	68	1051.85711494
0.24	0.029	72	983.06650393
0.24	0.029	76	1069.54030197
0.24	0.029	80	989.967044151
0.24	0.029	84	994.728072302
0.24	0.029	88	1073.33870449
0.24	0.029	92	1134.79801072
0.24	0.029	96	1021.06570628
0.24	0.029	100	941.420775354
0.24	0.031	20	934.898169017
0.24	0.031	24	1025.98043556
0.24	0.031	28	1173.03648006
0.24	0.031	32	1012.29804455
0.24	0.031	36	1105.13483596
0.24	0.031	40	926.154865783
0.24	0.031	44	971.460613907
0.24	0.031	48	1027.74448008
0.24	0.031	52	1012.00255905
0.24	0.031	56	986.430954934
0.24	0.031	60	979.302839757
0.24	0.031	64	935.483259503
0.24	0.031	68	1024.78624111
0.24	0.031	72	986.055387955
0.24	0.031	76	994.164409954
0.24	0.031	80	931.980905158
0.24	0.031	84	906.914298536
0.24	0.031	88	965.029906852
0.24	0.031	92	1029.71342426
0.24	0.031	96	1035.80926132
0.24	0.031	100	959.657465779
0.24	0.033	20	993.102993266
0.24	0.033	24	1018.01034688
0.24	0.033	28	942.881362698
0.24	0.033	32	1041.56159118
0.24	0.033	36	1036.5709574
0.24	0.033	40	956.460317368
0.24	0.033	44	977.605100311
0.24	0.033	48	986.476995316
0.24	0.033	52	970.035817583
0.24	0.033	56	961.023410658
0.24	0.033	60	999.671288587
0.24	0.033	64	1041.32791477
0.24	0.033	68	1022.36462689
0.24	0.033	72	1176.90278003
0.24	0.033	76	1037.73757487
0.24	0.033	80	944.047562846
0.24	0.033	84	946.706554363
0.24	0.033	88	964.939720347
0.24	0.033	92	1076.74297049
0.24	0.033	96	951.04986341
0.24	0.033	100	988.309051675
0.24	0.035	20	1121.83745315
0.24	0.035	24	953.719935434
0.24	0.035	28	954.238071623
0.24	0.035	32	977.84384
0.24	0.035	36	982.115136791
0.24	0.035	40	1017.13533046
0.24	0.035	44	944.489049021
0.24	0.035	48	961.719947511
0.24	0.035	52	935.0262878
0.24	0.035	56	1010.44896034
0.24	0.035	60	919.267483296
0.24	0.035	64	989.66878637
0.24	0.035	68	956.017335979
0.24	0.035	72	983.994925623
0.24	0.035	76	976.588955617
0.24	0.035	80	1020.08451117
0.24	0.035	84	916.853393496
0.24	0.035	88	967.052281287
0.24	0.035	92	1025.80913138
0.24	0.035	96	922.232344812
0.24	0.035	100	1002.27956825
0.24	0.037	20	1105.04961249
0.24	0.037	24	938.094441646
0.24	0.037	28	974.306313896
0.24	0.037	32	888.891924684
0.24	0.037	36	995.665496054
0.24	0.037	40	995.425302485
0.24	0.037	44	992.924743788
0.24	0.037	48	1006.73798437
0.24	0.037	52	990.558488534
0.24	0.037	56	1084.96394674
0.24	0.037	60	1106.2219336
0.24	0.037	64	993.50838465
0.24	0.037	68	944.068030914
0.24	0.037	72	898.058504006
0.24	0.037	76	998.939779451
0.24	0.037	80	1012.6629941
0.24	0.037	84	972.540650013
0.24	0.037	88	936.407119641
0.24	0.037	92	892.011292619
0.24	0.037	96	951.62237891
0.24	0.037	100	970.555803815
0.24	0.039	20	983.327036416
0.24	0.039	24	1019.13083419
0.24	0.039	28	888.24410316
0.24	0.039	32	974.225665452
0.24	0.039	36	975.375062305
0.24	0.039	40	945.132388334
0.24	0.039	44	945.737016989
0.24	0.039	48	1000.76340078
0.24	0.039	52	1006.01699607
0.24	0.039	56	1014.2256341
0.24	0.039	60	1016.0836277
0.24	0.039	64	1058.351581
0.24	0.039	68	1133.79766452
0.24	0.039	72	1121.31964818
0.24	0.039	76	968.123698147
0.24	0.039	80	984.306682416
0.24	0.039	84	1031.43464266
0.24	0.039	88	982.460032143
0.24	0.039	92	1015.72062114
0.24	0.039	96	1072.13261806
0.24	0.039	100	1013.30348421
0.24	0.041	20	1020.71431378
0.24	0.041	24	1004.21355373
0.24	0.041	28	1042.06710274
0.24	0.041	32	1001.14073423
0.24	0.041	36	1011.10036102
0.24	0.041	40	1101.63822179
0.24	0.041	44	1052.12721885
0.24	0.041	48	1086.16656628
0.24	0.041	52	1080.27837684
0.24	0.041	56	1067.92533223
0.24	0.041	60	1101.58419389
0.24	0.041	64	991.316598387
0.24	0.041	68	1126.51905091
0.24	0.041	72	1019.62307268
0.24	0.041	76	991.854464662
0.24	0.041	80	1006.22704335
0.24	0.041	84	985.340573925
0.24	0.041	88	1122.10749856
0.24	0.041	92	1097.58700006
0.24	0.041	96	978.262123907
0.24	0.041	100	1045.91390755
0.28	0.001	20	1025.31831719
0.28	0.001	24	954.003614584
0.28	0.001	28	1052.15825609
0.28	0.001	32	963.699340781
0.28	0.001	36	944.290577522
0.28	0.001	40	1010.7395394
0.28	0.001	44	1078.27144319
0.28	0.001	48	970.179380494
0.28	0.001	52	962.632050322
0.28	0.001	56	992.476680259
0.28	0.001	60	961.285922245
0.28	0.001	64	986.667158322
0.28	0.001	68	1114.71322929
0.28	0.001	72	1083.25597731
0.28	0.001	76	972.226441853
0.28	0.001	80	971.131673503
0.28	0.001	84	1045.69811829
0.28	0.001	88	962.848878324
0.28	0.001	92	1032.71585392
0.28	0.001	96	957.670322975
0.28	0.001	100	970.855161542
0.28	0.003	20	992.440749345
0.28	0.003	24	1028.70453893
0.28	0.003	28	1019.26872048
0.28	0.003	32	941.149947397
0.28	0.003	36	1039.6280739
0.28	0.003	40	978.983650028
0.28	0.003	44	974.214506561
0.28	0.003	48	942.638651673
0.28	0.003	52	982.399776108
0.28	0.003	56	968.44979443
0.28	0.003	60	992.70654898
0.28	0.003	64	1081.8738939
0.28	0.003	68	1048.18321492
0.28	0.003	72	1129.3029414
0.28	0.003	76	1036.5883244
0.28	0.003	80	1048.44027417
0.28	0.003	84	985.621318135
0.28	0.003	88	1120.18656564
0.28	0.003	92	991.04351
0.28	0.003	96	1054.97665959
0.28	0.003	100	1131.88535794
0.28	0.005	20	1093.87631166
0.28	0.005	24	1098.74160158
0.28	0.005	28	1150.36576986
0.28	0.005	32	1001.51041504
0.28	0.005	36	1046.07662462
0.28	0.005	40	1114.27216959
0.28	0.005	44	1481.44854147
0.28	0.005	48	1010.50467959
0.28	0.005	52	1091.49730514
0.28	0.005	56	1724.51608869
0.28	0.005	60	1063.68227411
0.28	0.005	64	1105.33241242
0.28	0.005	68	967.676029704
0.28	0.005	72	943.145041066
0.28	0.005	76	1040.0137421
0.28	0.005	80	996.189978716
0.28	0.005	84	1124.41890986
0.28	0.005	88	993.575755217
0.28	0.005	92	998.612258818
0.28	0.005	96	1034.00479383
0.28	0.005	100	1040.67081763
0.28	0.007	20	1091.66924128
0.28	0.007	24	1011.4242727
0.28	0.007	28	1035.56530561
0.28	0.007	32	1099.34279322
0.28	0.007	36	1145.66535181
0.28	0.007	40	1063.20996428
0.28	0.007	44	1255.65417066
0.28	0.007	48	1131.86902107
0.28	0.007	52	1293.59814661
0.28	0.007	56	1054.33850691
0.28	0.007	60	1085.12507202
0.28	0.007	64	1091.39205094
0.28	0.007	68	1147.85045131
0.28	0.007	72	1111.86236147
0.28	0.007	76	1133.28217642
0.28	0.007	80	1154.24652715
0.28	0.007	84	1068.24366681
0.28	0.007	88	1057.02195674
0.28	0.007	92	934.968675706
0.28	0.007	96	1038.33999479
0.28	0.007	100	1039.93105344
0.28	0.009	20	1014.35323425
0.28	0.009	24	1051.01233823
0.28	0.009	28	1116.6974086
0.28	0.009	32	1036.54893252
0.28	0.009	36	1065.61189311
0.28	0.009	40	1048.97696989
0.28	0.009	44	1098.77901924
0.28	0.009	48	1117.98020475
0.28	0.009	52	1034.32633274
0.28	0.009	56	1104.07848659
0.28	0.009	60	1067.5062037
0.28	0.009	64	1076.67562857
0.28	0.009	68	1088.00304619
0.28	0.009	72	1106.91578476
0.28	0.009	76	1049.63174174
0.28	0.009	80	1009.47315289
0.28	0.009	84	1138.2219473
0.28	0.009	88	1008.906486
0.28	0.009	92	1025.95419395
0.28	0.009	96	1001.35334264
0.28	0.009	100	1028.25008206
0.28	0.011	20	971.770683725
0.28	0.011	24	1086.42336133
0.28	0.011	28	977.43499008
0.28	0.011	32	965.447056419
0.28	0.011	36	1006.71292552
0.28	0.011	40	985.020357093
0.28	0.011	44	1028.80203636
0.28	0.011	48	1010.26025861
0.28	0.011	52	976.7626322
0.28	0.011	56	1056.65805173
0.28	0.011	60	1012.56896321
0.28	0.011	64	1036.93172852
0.28	0.011	68	908.626909703
0.28	0.011	72	1007.85196068
0.28	0.011	76	1139.94861695
0.28	0.011	80	1009.78820407
0.28	0.011	84	915.846088648
0.28	0.011	88	961.401336351
0.28	0.011	92	1123.69625645
0.28	0.011	96	1006.43635569
0.28	0.011	100	953.336664569
0.28	0.013	20	966.449967474
0.28	0.013	24	1030.67920807
0.28	0.013	28	984.755296025
0.28	0.013	32	1006.0918168
0.28	0.013	36	996.152815141
0.28	0.013	40	1160.51873241
0.28	0.013	44	906.365033632
0.28	0.013	48	943.091534667
0.28	0.013	52	1000.36841201
0.28	0.013	56	1059.64469646
0.28	0.013	60	1034.03678021
0.28	0.013	64	1007.95570396
0.28	0.013	68	970.63616559
0.28	0.013	72	930.281420389
0.28	0.013	76	954.431397918
0.28	0.013	80	1031.81981392
0.28	0.013	84	1025.17160988
0.28	0.013	88	1021.5779692
0.28	0.013	92	997.544134
0.28	0.013	96	1022.51062752
0.28	0.013	100	1077.57941527
0.28	0.015	20	1083.89945708
0.28	0.015	24	993.811538684
0.28	0.015	28	991.355201818
0.28	0.015	32	1078.4139601
0.28	0.015	36	948.089770203
0.28	0.015	40	1005.46073562
0.28	0.015	44	1006.86343168
0.28	0.015	48	1066.42953909
0.28	0.015	52	991.200458636
0.28	0.015	56	944.354619783
0.28	0.015	60	1044.45350697
0.28	0.015	64	1254.05537928
0.28	0.015	68	977.113344752
0.28	0.015	72	1116.20269418
0.28	0.015	76	1021.49557857
0.28	0.015	80	1103.88738152
0.28	0.015	84	1106.76547486
0.28	0.015	88	1096.9893142
0.28	0.015	92	1105.04693787
0.28	0.015	96	990.801204438
0.28	0.015	100	1094.7468739
0.28	0.017	20	1120.41466456
0.28	0.017	24	1028.27932771
0.28	0.017	28	1095.82853305
0.28	0.017	32	1061.76981527
0.28	0.017	36	1156.84454523
0.28	0.017	40	1172.10096388
0.28	0.017	44	965.344568949
0.28	0.017	48	1226.39399699
0.28	0.017	52	1204.12829615
0.28	0.017	56	1078.64511716
0.28	0.017	60	977.323426155
0.28	0.017	64	1123.71207437
0.28	0.017	68	1034.73888398
0.28	0.017	72	1084.69257983
0.28	0.017	76	951.58682501
0.28	0.017	80	1020.15854819
0.28	0.017	84	1107.32182574
0.28	0.017	88	1014.36828573
0.28	0.017	92	1102.0898865
0.28	0.017	96	1155.77867449
0.28	0.017	100	989.526667692
0.28	0.019	20	1059.56416567
0.28	0.019	24	1097.42186526
0.28	0.019	28	1085.17768994
0.28	0.019	32	1034.64348334
0.28	0.019	36	1166.07516729
0.28	0.019	40	1085.09362255
0.28	0.019	44	1099.3678877
0.28	0.019	48	1100.30167993
0.28	0.019	52	1033.0271451
0.28	0.019	56	1014.32854608
0.28	0.019	60	1028.03127117
0.28	0.019	64	1131.8198597
0.28	0.019	68	1032.67927288
0.28	0.019	72	1073.9877491
0.28	0.019	76	1008.43958348
0.28	0.019	80	931.102240761
0.28	0.019	84	1142.31946241
0.28	0.019	88	1043.41466381
0.28	0.019	92	1023.66242428
0.28	0.019	96	992.333984152
0.28	0.019	100	1002.97661287
0.28	0.021	20	1034.10407184
0.28	0.021	24	959.611403613
0.28	0.021	28	988.537102349
0.28	0.021	32	1017.64132166
0.28	0.021	36	991.03872031
0.28	0.021	40	977.833992637
0.28	0.021	44	1014.25219848
0.28	0.021	48	965.169183383
0.28	0.021	52	1053.2039215
0.28	0.021	56	999.014447294
0.28	0.021	60	1053.09355957
0.28	0.021	64	1048.61638813
0.28	0.021	68	1005.49693605
0.28	0.021	72	960.183833081
0.28	0.021	76	969.008212906
0.28	0.021	80	1088.50702913
0.28	0.021	84	990.301907402
0.28	0.021	88	965.468348652
0.28	0.021	92	955.340157193
0.28	0.021	96	1023.40209471
0.28	0.021	100	1055.76023921
0.28	0.023	20	1023.97326658
0.28	0.023	24	976.507110929
0.28	0.023	28	1092.66567667
0.28	0.023	32	978.334950644
0.28	0.023	36	1033.78845094
0.28	0.023	40	1064.78731104
0.28	0.023	44	1033.34884461
0.28	0.023	48	996.787127435
0.28	0.023	52	1091.72078601
0.28	0.023	56	944.741793085
0.28	0.023	60	965.466619997
0.28	0.023	64	1000.72617695
0.28	0.023	68	1007.36149358
0.28	0.023	72	930.788396817
0.28	0.023	76	1090.88368399
0.28	0.023	80	1019.77531908
0.28	0.023	84	1015.74107535
0.28	0.023	88	1000.90987066
0.28	0.023	92	1099.90172611
0.28	0.023	96	1010.46170433
0.28	0.023	100	1106.61818638
0.28	0.025	20	983.367835873
0.28	0.025	24	959.247316397
0.28	0.025	28	1067.01145482
0.28	0.025	32	1076.75554361
0.28	0.025	36	977.330688948
0.28	0.025	40	917.103261325
0.28	0.025	44	1013.1414089
0.28	0.025	48	1004.74970338
0.28	0.025	52	973.520577289
0.28	0.025	56	1016.03525849
0.28	0.025	60	1033.91278327
0.28	0.025	64	1011.7997225
0.28	0.025	68	935.36122433
0.28	0.025	72	1039.49205846
0.28	0.025	76	1106.7724511
0.28	0.025	80	1015.84734116
0.28	0.025	84	1058.15796503
0.28	0.025	88	1066.99635974
0.28	0.025	92	993.286222276
0.28	0.025	96	972.116481464
0.28	0.025	100	1068.30924904
0.28	0.027	20	954.184240982
0.28	0.027	24	1018.54763973
0.28	0.027	28	992.83211505
0.28	0.027	32	1014.40762853
0.28	0.027	36	1075.64357368
0.28	0.027	40	1063.38208052
0.28	0.027	44	1008.96734243
0.28	0.027	48	1038.12076651
0.28	0.027	52	1050.90031928
0.28	0.027	56	970.212758398
0.28	0.027	60	1047.33011173
0.28	0.027	64	1132.51404347
0.28	0.027	68	976.223463717
0.28	0.027	72	1160.20238702
0.28	0.027	76	981.353586392
0.28	0.027	80	951.617601256
0.28	0.027	84	1039.39842644
0.28	0.027	88	1003.0032741
0.28	0.027	92	1044.23238307
0.28	0.027	96	1050.03959039
0.28	0.027	100	995.921233694
0.28	0.029	20	1086.96686634
0.28	0.029	24	1003.53977722
0.28	0.029	28	1017.53451457
0.28	0.029	32	1069.47099824
0.28	0.029	36	1036.04390487
0.28	0.029	40	1075.13213933
0.28	0.029	44	1028.52728671
0.28	0.029	48	1048.21116455
0.28	0.029	52	1000.92434376
0.28	0.029	56	985.117703713
0.28	0.029	60	995.218685319
0.28	0.029	64	1000.15450971
0.28	0.029	68	953.953141354
0.28	0.029	72	970.228711462
0.28	0.029	76	1115.32986578
0.28	0.029	80	1096.81517987
0.28	0.029	84	1059.97100791
0.28	0.029	88	980.587119251
0.28	0.029	92	1098.42009287
0.28	0.029	96	1062.52030937
0.28	0.029	100	1076.40073062
0.28	0.031	20	1093.40006301
0.28	0.031	24	887.721644088
0.28	0.031	28	919.471214589
0.28	0.031	32	1060.54822749
0.28	0.031	36	1058.37771147
0.28	0.031	40	1026.28959244
0.28	0.031	44	997.021973762
0.28	0.031	48	1009.84879063
0.28	0.031	52	1020.87269119
0.28	0.031	56	1024.52412285
0.28	0.031	60	1085.92672924
0.28	0.031	64	1086.67438074
0.28	0.031	68	1069.86106319
0.28	0.031	72	1101.14486009
0.28	0.031	76	1063.40576848
0.28	0.031	80	1130.54677426
0.28	0.031	84	986.890220649
0.28	0.031	88	1096.3629079
0.28	0.031	92	1127.66629894
0.28	0.031	96	997.907653781
0.28	0.031	100	1116.7189201
0.28	0.033	20	1096.90163956
0.28	0.033	24	1155.90093233
0.28	0.033	28	1122.55865064
0.28	0.033	32	1099.44070369
0.28	0.033	36	1094.09233178
0.28	0.033	40	1153.86326208
0.28	0.033	44	1205.76943208
0.28	0.033	48	1036.56127216
0.28	0.033	52	1074.83629605
0.28	0.033	56	1076.0804099
0.28	0.033	60	1134.71298167
0.28	0.033	64	1081.22058997
0.28	0.033	68	1089.39683715
0.28	0.033	72	1071.52326698
0.28	0.033	76	1120.99640286
0.28	0.033	80	1164.32344237
0.28	0.033	84	1149.81712507
0.28	0.033	88	1140.0407472
0.28	0.033	92	1117.7805149
0.28	0.033	96	1071.22627118
0.28	0.033	100	1146.56263225
0.28	0.035	20	1069.37445614
0.28	0.035	24	1118.05545362
0.28	0.035	28	994.129447174
0.28	0.035	32	1123.08720266
0.28	0.035	36	1054.44106397
0.28	0.035	40	1198.76464625
0.28	0.035	44	1226.47240967
0.28	0.035	48	1154.46870121
0.28	0.035	52	1202.58051267
0.28	0.035	56	1114.31052698
0.28	0.035	60	1160.69035499
0.28	0.035	64	1098.95432322
0.28	0.035	68	1118.19550312
0.28	0.035	72	1218.69386363
0.28	0.035	76	1113.829246
0.28	0.035	80	1094.76399148
0.28	0.035	84	1094.79473755
0.28	0.035	88	1017.85635469
0.28	0.035	92	1069.59630319
0.28	0.035	96	1068.60169672
0.28	0.035	100	1058.24354147
0.28	0.037	20	950.403424691
0.28	0.037	24	1080.74601528
0.28	0.037	28	1185.49418856
0.28	0.037	32	1130.51928421
0.28	0.037	36	1199.26899475
0.28	0.037	40	1122.67487408
0.28	0.037	44	1094.55948771
0.28	0.037	48	986.913123962
0.28	0.037	52	1249.98173317
0.28	0.037	56	1169.1971586
0.28	0.037	60	1020.11655175
0.28	0.037	64	1192.22307121
0.28	0.037	68	1057.56814947
0.28	0.037	72	1008.61529283
0.28	0.037	76	1202.97613033
0.28	0.037	80	1099.86865169
0.28	0.037	84	1124.9187822
0.28	0.037	88	989.229118863
0.28	0.037	92	989.167882018
0.28	0.037	96	1021.05604389
0.28	0.037	100	1109.83042716
0.28	0.039	20	962.419396804
0.28	0.039	24	935.852792794
0.28	0.039	28	1040.66496457
0.28	0.039	32	1147.80296655
0.28	0.039	36	1077.72039721
0.28	0.039	40	1048.87854859
0.28	0.039	44	1031.14407012
0.28	0.039	48	959.614211995
0.28	0.039	52	1124.9946139
0.28	0.039	56	1020.57984577
0.28	0.039	60	1126.58441166
0.28	0.039	64	1078.59537708
0.28	0.039	68	1097.86976193
0.28	0.039	72	1038.6451818
0.28	0.039	76	1112.22692378
0.28	0.039	80	1046.35191295
0.28	0.039	84	1026.26679657
0.28	0.039	88	1075.15684953
0.28	0.039	92	1287.32329027
0.28	0.039	96	1291.13324496
0.28	0.039	100	1227.11568489
0.28	0.041	20	1110.36466996
0.28	0.041	24	1081.69345605
0.28	0.041	28	1000.88705426
0.28	0.041	32	1001.19482518
0.28	0.041	36	1177.73134816
0.28	0.041	40	1101.80346206
0.28	0.041	44	1159.43596257
0.28	0.041	48	1143.66059836
0.28	0.041	52	1038.1570997
0.28	0.041	56	1092.58853379
0.28	0.041	60	1051.41748132
0.28	0.041	64	1058.36718342
0.28	0.041	68	1206.33442273
0.28	0.041	72	970.453099228
0.28	0.041	76	1047.16979113
0.28	0.041	80	1091.59430985
0.28	0.041	84	1061.47380297
0.28	0.041	88	1213.17724231
0.28	0.041	92	988.75782288
0.28	0.041	96	1082.59182666
0.28	0.041	100	1102.39939444
0.32	0.001	20	1125.28208254
0.32	0.001	24	1090.66309725
0.32	0.001	28	1100.4666155
0.32	0.001	32	1231.74922986
0.32	0.001	36	1080.57559651
0.32	0.001	40	1026.37711188
0.32	0.001	44	1040.94463633
0.32	0.001	48	1087.82272732
0.32	0.001	52	1162.11042693
0.32	0.001	56	1062.62321706
0.32	0.001	60	1042.86468378
0.32	0.001	64	1088.05505845
0.32	0.001	68	998.340875048
0.32	0.001	72	966.953901643
0.32	0.001	76	1078.25280387
0.32	0.001	80	1072.05164001
0.32	0.001	84	1121.83356231
0.32	0.001	88	1074.04200462
0.32	0.001	92	935.768366849
0.32	0.001	96	1007.69152203
0.32	0.001	100	974.71691531
0.32	0.003	20	995.331807864
0.32	0.003	24	1008.67608716
0.32	0.003	28	1008.70066541
0.32	0.003	32	1117.5709663
0.32	0.003	36	1112.88094807
0.32	0.003	40	952.542865951
0.32	0.003	44	1135.72827116
0.32	0.003	48	1074.93583563
0.32	0.003	52	1176.92212161
0.32	0.003	56	1047.685284
0.32	0.003	60	1011.67703593
0.32	0.003	64	1141.77996769
0.32	0.003	68	1103.39162473
0.32	0.003	72	918.449458708
0.32	0.003	76	1111.68392419
0.32	0.003	80	1072.31209683
0.32	0.003	84	985.225694362
0.32	0.003	88	1027.2562924
0.32	0.003	92	1110.64766947
0.32	0.003	96	1028.80329354
0.32	0.003	100	1041.04440115
0.32	0.005	20	1052.6822978
0.32	0.005	24	991.547952859
0.32	0.005	28	1152.41411439
0.32	0.005	32	1156.70391871
0.32	0.005	36	1021.85710006
0.32	0.005	40	1070.04774194
0.32	0.005	44	1050.25028991
0.32	0.005	48	1139.63563826
0.32	0.005	52	1002.94973657
0.32	0.005	56	1091.79866813
0.32	0.005	60	1043.16062404
0.32	0.005	64	1083.10007751
0.32	0.005	68	1076.48734436
0.32	0.005	72	1167.07355136
0.32	0.005	76	1072.53575398
0.32	0.005	80	1121.58423915
0.32	0.005	84	1167.20726059
0.32	0.005	88	986.699497894
0.32	0.005	92	1053.78787166
0.32	0.005	96	1121.1285546
0.32	0.005	100	1049.5730641
0.32	0.007	20	1182.57976224
0.32	0.007	24	1141.29900092
0.32	0.007	28	1032.69932522
0.32	0.007	32	1155.86882885
0.32	0.007	36	1208.12824242
0.32	0.007	40	1197.80024778
0.32	0.007	44	1316.72086352
0.32	0.007	48	1559.97386007
0.32	0.007	52	1058.65346228
0.32	0.007	56	1134.8714903
0.32	0.007	60	1220.45061599
0.32	0.007	64	1154.94460169
0.32	0.007	68	1061.07897022
0.32	0.007	72	1105.44292736
0.32	0.007	76	1004.89148452
0.32	0.007	80	1072.50079996
0.32	0.007	84	1051.75572026
0.32	0.007	88	1155.83474024
0.32	0.007	92	1170.75526447
0.32	0.007	96	1026.56830056
0.32	0.007	100	1104.51234863
0.32	0.009	20	1046.91396545
0.32	0.009	24	1012.83027309
0.32	0.009	28	1141.63449351
0.32	0.009	32	1112.38664239
0.32	0.009	36	1154.74145065
0.32	0.009	40	1080.27926488
0.32	0.009	44	1106.98852831
0.32	0.009	48	1631.0279045
0.32	0.009	52	1443.13329229
0.32	0.009	56	1093.36754169
0.32	0.009	60	1208.04645797
0.32	0.009	64	1170.75359346
0.32	0.009	68	1130.04959207
0.32	0.009	72	1151.35080634
0.32	0.009	76	1074.71518382
0.32	0.009	80	1156.93631773
0.32	0.009	84	1071.63425989
0.32	0.009	88	1237.25411304
0.32	0.009	92	1064.27291426
0.32	0.009	96	1065.66842606
0.32	0.009	100	1167.94332888
0.32	0.011	20	1071.43876222
0.32	0.011	24	969.897435385
0.32	0.011	28	1155.79752225
0.32	0.011	32	1187.0002039
0.32	0.011	36	1145.89560912
0.32	0.011	40	1148.75553535
0.32	0.011	44	1071.9753924
0.32	0.011	48	1191.69144756
0.32	0.011	52	1092.93504162
0.32	0.011	56	1147.43645531
0.32	0.011	60	1165.76203972
0.32	0.011	64	1058.52334305
0.32	0.011	68	1095.80291227
0.32	0.011	72	1081.17115691
0.32	0.011	76	1078.96175425
0.32	0.011	80	1090.67756086
0.32	0.011	84	1064.24527607
0.32	0.011	88	1126.34285534
0.32	0.011	92	1002.96718966
0.32	0.011	96	1179.16839781
0.32	0.011	100	1129.23126208
0.32	0.013	20	1048.6944544
0.32	0.013	24	1046.39418767
0.32	0.013	28	1105.28410223
0.32	0.013	32	1031.91341642
0.32	0.013	36	1173.60305951
0.32	0.013	40	1033.51380499
0.32	0.013	44	1104.20073586
0.32	0.013	48	1120.2531622
0.32	0.013	52	1070.28803907
0.32	0.013	56	963.111794541
0.32	0.013	60	1033.07100689
0.32	0.013	64	1043.61808116
0.32	0.013	68	1031.33800944
0.32	0.013	72	1139.65093944
0.32	0.013	76	1001.67554002
0.32	0.013	80	1032.25605442
0.32	0.013	84	953.649145894
0.32	0.013	88	975.593523685
0.32	0.013	92	1189.65889249
0.32	0.013	96	1049.29410038
0.32	0.013	100	1007.48709049
0.32	0.015	20	1029.38051961
0.32	0.015	24	1185.4374451
0.32	0.015	28	1173.26549295
0.32	0.015	32	1112.03747964
0.32	0.015	36	1035.7158372
0.32	0.015	40	1184.05890281
0.32	0.015	44	1119.52410297
0.32	0.015	48	1139.40232223
0.32	0.015	52	1088.03166654
0.32	0.015	56	1137.87758851
0.32	0.015	60	1041.45581613
0.32	0.015	64	1207.13781833
0.32	0.015	68	1107.40891916
0.32	0.015	72	1343.18958874
0.32	0.015	76	1133.5348366
0.32	0.015	80	1155.91852698
0.32	0.015	84	1101.41371203
0.32	0.015	88	1011.20520463
0.32	0.015	92	1087.92635169
0.32	0.015	96	1038.99002252
0.32	0.015	100	1129.68535092
0.32	0.017	20	1099.62029059
0.32	0.017	24	1188.85257463
0.32	0.017	28	1142.01949055
0.32	0.017	32	1355.05631981
0.32	0.017	36	1097.42264907
0.32	0.017	40	1063.12149605
0.32	0.017	44	1130.44012452
0.32	0.017	48	1071.03903969
0.32	0.017	52	1281.35359254
0.32	0.017	56	1169.88945238
0.32	0.017	60	1153.41787241
0.32	0.017	64	989.21552531
0.32	0.017	68	1257.83551942
0.32	0.017	72	977.50746359
0.32	0.017	76	1016.90213978
0.32	0.017	80	1183.6590314
0.32	0.017	84	1168.55365002
0.32	0.017	88	1092.28303785
0.32	0.017	92	1125.09881774
0.32	0.017	96	1080.62613501
0.32	0.017	100	1042.24860756
0.32	0.019	20	1284.63024765
0.32	0.019	24	1224.11345862
0.32	0.019	28	1048.14967625
0.32	0.019	32	1056.64353548
0.32	0.019	36	1137.41654677
0.32	0.019	40	1055.61382877
0.32	0.019	44	1113.59658362
0.32	0.019	48	1081.49779838
0.32	0.019	52	1170.50342779
0.32	0.019	56	1083.84671195
0.32	0.019	60	1118.06887821
0.32	0.019	64	1130.62411229
0.32	0.019	68	1083.86248027
0.32	0.019	72	1243.43372947
0.32	0.019	76	1225.03160451
0.32	0.019	80	1082.88329047
0.32	0.019	84	1070.11382141
0.32	0.019	88	1005.54324498
0.32	0.019	92	1262.25970853
0.32	0.019	96	1039.2932672
0.32	0.019	100	1229.88352755
0.32	0.021	20	1035.74245041
0.32	0.021	24	1241.16154497
0.32	0.021	28	1042.3960619
0.32	0.021	32	1018.7505703
0.32	0.021	36	1169.40899347
0.32	0.021	40	1055.68744334
0.32	0.021	44	1023.69002731
0.32	0.021	48	1004.53672856
0.32	0.021	52	1199.41779426
0.32	0.021	56	1130.50944497
0.32	0.021	60	1016.86295147
0.32	0.021	64	1093.42096872
0.32	0.021	68	1129.59231588
0.32	0.021	72	1138.68262287
0.32	0.021	76	1083.0140377
0.32	0.021	80	1197.10421335
0.32	0.021	84	1296.87135391
0.32	0.021	88	1373.00259647
0.32	0.021	92	1313.88817713
0.32	0.021	96	1164.16351807
0.32	0.021	100	1185.54927223
0.32	0.023	20	1148.59696006
0.32	0.023	24	1059.18239467
0.32	0.023	28	1018.31911674
0.32	0.023	32	1254.32006046
0.32	0.023	36	1111.256599
0.32	0.023	40	1171.58372844
0.32	0.023	44	947.935350294
0.32	0.023	48	1074.98268958
0.32	0.023	52	954.682482167
0.32	0.023	56	989.392886614
0.32	0.023	60	995.475380119
0.32	0.023	64	1157.71660852
0.32	0.023	68	1106.23088182
0.32	0.023	72	1166.10839067
0.32	0.023	76	1106.52247243
0.32	0.023	80	1028.16789222
0.32	0.023	84	1105.65432581
0.32	0.023	88	1255.20305582
0.32	0.023	92	914.798436342
0.32	0.023	96	1072.6035411
0.32	0.023	100	1086.85204364
0.32	0.025	20	1060.24567019
0.32	0.025	24	1092.90648853
0.32	0.025	28	1054.35438504
0.32	0.025	32	1227.10169439
0.32	0.025	36	1117.18374566
0.32	0.025	40	1127.11586172
0.32	0.025	44	1183.01176016
0.32	0.025	48	1096.99190916
0.32	0.025	52	1063.42601866
0.32	0.025	56	920.74817221
0.32	0.025	60	1008.22386769
0.32	0.025	64	1099.14852526
0.32	0.025	68	991.567160438
0.32	0.025	72	944.783851941
0.32	0.025	76	1037.9971685
0.32	0.025	80	1107.44637137
0.32	0.025	84	1146.78107015
0.32	0.025	88	1214.62130682
0.32	0.025	92	1120.40474418
0.32	0.025	96	1062.8201494
0.32	0.025	100	1090.02296206
0.32	0.027	20	1043.06797139
0.32	0.027	24	1019.37400527
0.32	0.027	28	1097.54198019
0.32	0.027	32	1117.63864903
0.32	0.027	36	1164.27596559
0.32	0.027	40	1026.27868395
0.32	0.027	44	1099.31910531
0.32	0.027	48	1026.12259083
0.32	0.027	52	1056.2490763
0.32	0.027	56	1032.47524059
0.32	0.027	60	1003.66313815
0.32	0.027	64	1054.18460324
0.32	0.027	68	969.847325089
0.32	0.027	72	1057.39562184
0.32	0.027	76	1092.75691174
0.32	0.027	80	1069.58068614
0.32	0.027	84	1035.38017758
0.32	0.027	88	1042.15658832
0.32	0.027	92	1088.93753432
0.32	0.027	96	1183.77854376
0.32	0.027	100	1030.99361704
0.32	0.029	20	1136.88376675
0.32	0.029	24	1026.13987938
0.32	0.029	28	1090.38305903
0.32	0.029	32	1116.66575132
0.32	0.029	36	1020.20264288
0.32	0.029	40	1059.40877677
0.32	0.029	44	1184.82229473
0.32	0.029	48	1234.97652689
0.32	0.029	52	1072.17569783
0.32	0.029	56	995.752099025
0.32	0.029	60	1082.43340609
0.32	0.029	64	969.906802643
0.32	0.029	68	1215.70013361
0.32	0.029	72	1041.77904177
0.32	0.029	76	1047.276374
0.32	0.029	80	1093.2409336
0.32	0.029	84	1068.98018696
0.32	0.029	88	1050.10099825
0.32	0.029	92	1055.71501168
0.32	0.029	96	1051.94523551
0.32	0.029	100	956.40737004
0.32	0.031	20	1070.92607586
0.32	0.031	24	1158.08390918
0.32	0.031	28	1019.65228205
0.32	0.031	32	1224.37572662
0.32	0.031	36	1188.98632869
0.32	0.031	40	1068.37351716
0.32	0.031	44	1035.41010674
0.32	0.031	48	982.58434061
0.32	0.031	52	1108.09273982
0.32	0.031	56	1147.61311711
0.32	0.031	60	1057.27120418
0.32	0.031	64	1077.6363749
0.32	0.031	68	1124.17666272
0.32	0.031	72	1172.92335282
0.32	0.031	76	1016.99309727
0.32	0.031	80	1076.00581306
0.32	0.031	84	1126.68405752
0.32	0.031	88	948.576525412
0.32	0.031	92	1054.60003091
0.32	0.031	96	1113.35865212
0.32	0.031	100	1416.78945772
0.32	0.033	20	1042.89046574
0.32	0.033	24	1208.79767728
0.32	0.033	28	1296.38847558
0.32	0.033	32	1236.54849838
0.32	0.033	36	1067.37011967
0.32	0.033	40	1221.26554891
0.32	0.033	44	1157.70391044
0.32	0.033	48	1294.31088368
0.32	0.033	52	1158.60714436
0.32	0.033	56	1279.31654292
0.32	0.033	60	1216.14121119
0.32	0.033	64	1161.93447685
0.32	0.033	68	1185.99413578
0.32	0.033	72	1278.49616348
0.32	0.033	76	1269.64349765
0.32	0.033	80	986.588207325
0.32	0.033	84	1098.13766326
0.32	0.033	88	1157.80055566
0.32	0.033	92	1115.54490368
0.32	0.033	96	976.630359948
0.32	0.033	100	1113.87712904
0.32	0.035	20	1255.84930199
0.32	0.035	24	1129.85126107
0.32	0.035	28	1331.37099441
0.32	0.035	32	1067.34284922
0.32	0.035	36	1277.04837224
0.32	0.035	40	986.447149267
0.32	0.035	44	1055.42480287
0.32	0.035	48	1037.63098979
0.32	0.035	52	1271.6114556
0.32	0.035	56	988.877097392
0.32	0.035	60	1241.28140195
0.32	0.035	64	1086.32088035
0.32	0.035	68	1210.98899385
0.32	0.035	72	1119.87637146
0.32	0.035	76	1252.62865891
0.32	0.035	80	1132.80727938
0.32	0.035	84	1157.47743332
0.32	0.035	88	1307.95264575
0.32	0.035	92	1168.75254415
0.32	0.035	96	995.764163347
0.32	0.035	100	1173.9349104
0.32	0.037	20	1049.37915339
0.32	0.037	24	1118.897886
0.32	0.037	28	978.592921879
0.32	0.037	32	919.519579156
0.32	0.037	36	1069.7441053
0.32	0.037	40	1158.68907715
0.32	0.037	44	961.670037018
0.32	0.037	48	1132.57509797
0.32	0.037	52	992.42401428
0.32	0.037	56	1064.90963059
0.32	0.037	60	1000.33001912
0.32	0.037	64	959.494055593
0.32	0.037	68	1012.23104099
0.32	0.037	72	1050.62832752
0.32	0.037	76	1103.98338543
0.32	0.037	80	1056.66174107
0.32	0.037	84	1078.39850371
0.32	0.037	88	1176.13382795
0.32	0.037	92	1241.03740242
0.32	0.037	96	1076.71962071
0.32	0.037	100	1079.9513037
0.32	0.039	20	1031.16616222
0.32	0.039	24	1106.0598087
0.32	0.039	28	1149.99192414
0.32	0.039	32	1284.05700207
0.32	0.039	36	998.186183959
0.32	0.039	40	1236.69786722
0.32	0.039	44	1036.2918613
0.32	0.039	48	1139.71638026
0.32	0.039	52	1087.75290025
0.32	0.039	56	1007.84922274
0.32	0.039	60	1105.10896476
0.32	0.039	64	1089.9792902
0.32	0.039	68	1122.49772519
0.32	0.039	72	1197.31496496
0.32	0.039	76	993.982038767
0.32	0.039	80	1082.49680768
0.32	0.039	84	1096.28338623
0.32	0.039	88	1103.44442246
0.32	0.039	92	1082.65771621
0.32	0.039	96	1160.54810812
0.32	0.039	100	1028.58772689
0.32	0.041	20	1189.28104358
0.32	0.041	24	1136.08099042
0.32	0.041	28	1199.03249926
0.32	0.041	32	1064.42834922
0.32	0.041	36	1089.4641369
0.32	0.041	40	982.684502391
0.32	0.041	44	1172.17249724
0.32	0.041	48	1151.39225345
0.32	0.041	52	1025.6116775
0.32	0.041	56	1025.08500064
0.32	0.041	60	1079.85643724
0.32	0.041	64	1175.30775201
0.32	0.041	68	1078.93152206
0.32	0.041	72	1036.65974247
0.32	0.041	76	1054.12918538
0.32	0.041	80	1048.52071862
0.32	0.041	84	1180.00278126
0.32	0.041	88	1070.78226286
0.32	0.041	92	1042.84050633
0.32	0.041	96	1115.08529504
0.32	0.041	100	1181.5627863
0.36	0.001	20	1279.7937163
0.36	0.001	24	1149.40777234
0.36	0.001	28	1070.85343381
0.36	0.001	32	986.360384845
0.36	0.001	36	1259.99122351
0.36	0.001	40	1107.14476143
0.36	0.001	44	1113.0791288
0.36	0.001	48	1044.44969893
0.36	0.001	52	1196.05215865
0.36	0.001	56	1020.83233258
0.36	0.001	60	1168.32813672
0.36	0.001	64	1180.90281103
0.36	0.001	68	1023.48912135
0.36	0.001	72	999.81514104
0.36	0.001	76	1049.48789919
0.36	0.001	80	1045.03738955
0.36	0.001	84	1093.80640392
0.36	0.001	88	1217.01010948
0.36	0.001	92	989.280721826
0.36	0.001	96	1054.850913
0.36	0.001	100	1082.67394963
0.36	0.003	20	1011.1893708
0.36	0.003	24	1013.28401988
0.36	0.003	28	1076.99247881
0.36	0.003	32	1113.2560322
0.36	0.003	36	1120.43091123
0.36	0.003	40	1029.96590469
0.36	0.003	44	1051.37990889
0.36	0.003	48	1158.72827916
0.36	0.003	52	1042.65730554
0.36	0.003	56	1154.84897355
0.36	0.003	60	959.112424851
0.36	0.003	64	1040.71511439
0.36	0.003	68	1059.48673482
0.36	0.003	72	1077.33669985
0.36	0.003	76	1038.95655474
0.36	0.003	80	1050.12993789
0.36	0.003	84	1102.79556339
0.36	0.003	88	1035.38845377
0.36	0.003	92	1150.9697711
0.36	0.003	96	1162.67570477
0.36	0.003	100	1095.45324045
0.36	0.005	20	1130.64626084
0.36	0.005	24	996.638492907
0.36	0.005	28	1276.53635489
0.36	0.005	32	1117.85885649
0.36	0.005	36	1045.82497552
0.36	0.005	40	1310.32604944
0.36	0.005	44	996.803030684
0.36	0.005	48	1038.86453174
0.36	0.005	52	1095.98652385
0.36	0.005	56	1193.27113912
0.36	0.005	60	1021.82950749
0.36	0.005	64	1191.63590378
0.36	0.005	68	1070.02691398
0.36	0.005	72	1103.70866656
0.36	0.005	76	1117.07922807
0.36	0.005	80	1061.83856113
0.36	0.005	84	1036.68439061
0.36	0.005	88	983.37545154
0.36	0.005	92	1050.69011439
0.36	0.005	96	1038.30196552
0.36	0.005	100	1192.92666281
0.36	0.007	20	1378.46739858
0.36	0.007	24	1128.14984934
0.36	0.007	28	1253.50304292
0.36	0.007	32	1193.20923759
0.36	0.007	36	937.005932659
0.36	0.007	40	1263.33215264
0.36	0.007	44	1140.4254315
0.36	0.007	48	1031.85987687
0.36	0.007	52	976.30697549
0.36	0.007	56	1085.70565276
0.36	0.007	60	1347.64969978
0.36	0.007	64	1243.97200347
0.36	0.007	68	1163.11878267
0.36	0.007	72	953.834331001
0.36	0.007	76	1156.63040843
0.36	0.007	80	1076.60476245
0.36	0.007	84	1262.6317973
0.36	0.007	88	1035.02114314
0.36	0.007	92	990.720484812
0.36	0.007	96	1233.99620922
0.36	0.007	100	1030.3185482
0.36	0.009	20	1150.17257371
0.36	0.009	24	1172.39189486
0.36	0.009	28	1060.11018278
0.36	0.009	32	1022.19579861
0.36	0.009	36	997.525843599
0.36	0.009	40	1042.42131091
0.36	0.009	44	1069.01510018
0.36	0.009	48	1064.15945421
0.36	0.009	52	1196.70633039
0.36	0.009	56	1159.75561347
0.36	0.009	60	921.023347149
0.36	0.009	64	1230.73809255
0.36	0.009	68	1154.59029931
0.36	0.009	72	997.857068028
0.36	0.009	76	1088.64646142
0.36	0.009	80	1085.40538226
0.36	0.009	84	1082.94603553
0.36	0.009	88	1129.6508602
0.36	0.009	92	1146.78335305
0.36	0.009	96	1124.16509611
0.36	0.009	100	1146.59625609
0.36	0.011	20	1205.50008693
0.36	0.011	24	1143.30540166
0.36	0.011	28	1140.4366503
0.36	0.011	32	1050.31766493
0.36	0.011	36	1006.05886955
0.36	0.011	40	1114.0050393
0.36	0.011	44	1185.78875658
0.36	0.011	48	1007.01379654
0.36	0.011	52	1049.74519649
0.36	0.011	56	1032.78868844
0.36	0.011	60	1208.18017012
0.36	0.011	64	1077.94532016
0.36	0.011	68	1011.94549986
0.36	0.011	72	1286.92211133
0.36	0.011	76	1021.32728054
0.36	0.011	80	1147.87775891
0.36	0.011	84	1021.08594035
0.36	0.011	88	1248.26880235
0.36	0.011	92	1193.70778693
0.36	0.011	96	1051.49293719
0.36	0.011	100	983.664193451
0.36	0.013	20	1109.78731752
0.36	0.013	24	1117.22146264
0.36	0.013	28	1052.08348846
0.36	0.013	32	1180.74196439
0.36	0.013	36	1008.7869362
0.36	0.013	40	1166.04790117
0.36	0.013	44	1111.34193199
0.36	0.013	48	1002.12519158
0.36	0.013	52	1211.26907734
0.36	0.013	56	1164.20841317
0.36	0.013	60	1006.06534018
0.36	0.013	64	1060.16084173
0.36	0.013	68	1264.60235419
0.36	0.013	72	998.845864644
0.36	0.013	76	1056.34887847
0.36	0.013	80	944.184727425
0.36	0.013	84	1029.56406412
0.36	0.013	88	1147.09748013
0.36	0.013	92	1116.11517592
0.36	0.013	96	1207.0469846
0.36	0.013	100	1044.06430074
0.36	0.015	20	906.612314009
0.36	0.015	24	1029.22421669
0.36	0.015	28	960.04604302
0.36	0.015	32	1016.58945299
0.36	0.015	36	1114.76451132
0.36	0.015	40	1013.26873333
0.36	0.015	44	1186.65418754
0.36	0.015	48	1046.86224733
0.36	0.015	52	978.15097808
0.36	0.015	56	1102.25145785
0.36	0.015	60	949.593485113
0.36	0.015	64	1059.15114633
0.36	0.015	68	1007.13029784
0.36	0.015	72	1117.23007094
0.36	0.015	76	1016.85271818
0.36	0.015	80	1106.83292183
0.36	0.015	84	1081.96768858
0.36	0.015	88	1465.11363102
0.36	0.015	92	1116.09749163
0.36	0.015	96	1246.53376632
0.36	0.015	100	1435.1962969
0.36	0.017	20	1327.21338515
0.36	0.017	24	1085.88481868
0.36	0.017	28	1197.54819712
0.36	0.017	32	1308.79765422
0.36	0.017	36	1344.97285805
0.36	0.017	40	1064.24341142
0.36	0.017	44	1327.68858483
0.36	0.017	48	1542.9796226
0.36	0.017	52	1186.63225314
0.36	0.017	56	1465.23375895
0.36	0.017	60	1341.33848521

